6 0.609765625 0.5952712100139083 0.08984375 0.16968011126564672
3 0.49140625 0.6133518776077886 0.0484375 0.06675938803894298
3 0.705859375 0.6210013908205841 0.04921875 0.05702364394993046
3 0.393359375 0.6154381084840056 0.05078125 0.048678720445062586
3 0.92734375 0.6432545201668984 0.14375 0.23226703755215578
3 0.5390625 0.6063977746870653 0.040625 0.04728789986091794
3 0.16015625 0.6029207232267038 0.1015625 0.054242002781641166
3 0.208984375 0.5973574408901252 0.05703125 0.05146036161335188
3 0.434765625 0.6015299026425591 0.03828125 0.059805285118219746
1 0.05390625 0.7280945757997218 0.1 0.4659248956884562
1 0.800390625 0.5848400556328234 0.01640625 0.06815020862308763
1 0.81796875 0.5841446453407511 0.015625 0.06397774687065369
