3 0.773828125 0.7483731019522777 0.05546875 0.06073752711496746
3 0.439453125 0.7402386117136659 0.05859375 0.057483731019522775
1 0.686328125 0.8058568329718004 0.03984375 0.13449023861171366
3 0.534375 0.7386117136659436 0.0515625 0.049891540130151846
6 0.16640625 0.688177874186551 0.0640625 0.09652928416485901
6 0.24765625 0.6973969631236443 0.0546875 0.10412147505422993
6 0.63515625 0.722885032537961 0.046875 0.06832971800433839
6 0.446484375 0.6990238611713666 0.03671875 0.046637744034707156
6 0.563671875 0.7163774403470716 0.04140625 0.04880694143167028
3 0.7328125 0.7304772234273319 0.0328125 0.046637744034707156
3 0.482421875 0.7283080260303688 0.03984375 0.044468546637744036
3 0.2390625 0.7299349240780911 0.0484375 0.04772234273318872
3 0.3015625 0.7212581344902386 0.0390625 0.04338394793926247
3 0.3296875 0.7125813449023861 0.0265625 0.04121475054229935
2 0.6828125 0.8611713665943601 0.0296875 0.10412147505422993
