3 0.243359375 0.7569444444444444 0.23828125 0.34444444444444444
3 0.064453125 0.6506944444444445 0.10546875 0.12361111111111112
3 0.38828125 0.6472222222222223 0.1125 0.14166666666666666
3 0.302734375 0.48680555555555555 0.03671875 0.05416666666666667
3 0.53046875 0.6548611111111111 0.0890625 0.0875
3 0.663671875 0.6465277777777778 0.07734375 0.12361111111111112
3 0.72109375 0.6361111111111111 0.0453125 0.07222222222222222
3 0.480859375 0.4326388888888889 0.03046875 0.04583333333333333
3 0.69375 0.4736111111111111 0.0359375 0.044444444444444446
3 0.590234375 0.6340277777777777 0.05390625 0.09027777777777778
3 0.3484375 0.44722222222222224 0.03125 0.03611111111111111
3 0.36171875 0.4791666666666667 0.0390625 0.044444444444444446
3 0.358984375 0.5388888888888889 0.04140625 0.06111111111111111
3 0.634765625 0.6111111111111112 0.02109375 0.044444444444444446
3 0.748046875 0.5090277777777777 0.03515625 0.04583333333333333
3 0.780859375 0.4263888888888889 0.02890625 0.041666666666666664
3 0.646484375 0.45625 0.03359375 0.04027777777777778
3 0.654296875 0.4326388888888889 0.02890625 0.034722222222222224
8 0.196875 0.5361111111111111 0.0625 0.08888888888888889
