3 0.409765625 0.7414012738853503 0.29765625 0.36942675159235666
3 0.705859375 0.5707006369426751 0.09453125 0.12738853503184713
3 0.594140625 0.6363057324840764 0.15703125 0.22802547770700637
3 0.925 0.6312101910828025 0.11875 0.15159235668789808
3 0.09375 0.7923566878980892 0.1875 0.4101910828025478
3 0.694921875 0.4305732484076433 0.05078125 0.061146496815286625
3 0.89453125 0.5668789808917197 0.084375 0.1070063694267516
3 0.481640625 0.5445859872611465 0.08515625 0.0751592356687898
3 0.262109375 0.6414012738853503 0.15234375 0.2050955414012739
3 0.8171875 0.40955414012738856 0.046875 0.05222929936305733
3 0.90625 0.39872611464968155 0.0359375 0.050955414012738856
3 0.10625 0.532484076433121 0.0875 0.06878980891719745
3 0.13984375 0.45796178343949046 0.071875 0.0929936305732484
3 0.287890625 0.4426751592356688 0.05390625 0.06751592356687898
3 0.284375 0.4980891719745223 0.06875 0.04076433121019108
3 0.4828125 0.40955414012738856 0.040625 0.05477707006369427
3 0.53359375 0.3885350318471338 0.0390625 0.033121019108280254
3 0.54375 0.3579617834394904 0.0328125 0.035668789808917196
3 0.586328125 0.37070063694267513 0.03828125 0.04331210191082802
8 0.914453125 0.3248407643312102 0.05390625 0.12229299363057325
8 0.35390625 0.3802547770700637 0.065625 0.17961783439490445
8 0.437109375 0.3305732484076433 0.05859375 0.1159235668789809
8 0.5015625 0.3089171974522293 0.0609375 0.08789808917197452
8 0.579296875 0.3057324840764331 0.04765625 0.08917197452229299
3 0.060546875 0.6522292993630573 0.11328125 0.23439490445859873
