3 0.523828125 0.8368055555555556 0.19140625 0.2875
3 0.119140625 0.7986111111111112 0.18984375 0.2111111111111111
3 0.8078125 0.7993055555555556 0.165625 0.23472222222222222
3 0.6109375 0.7798611111111111 0.059375 0.15694444444444444
3 0.447265625 0.7472222222222222 0.05234375 0.09166666666666666
3 0.268359375 0.7395833333333334 0.12109375 0.1625
3 0.5421875 0.6763888888888889 0.053125 0.058333333333333334
3 0.656640625 0.7486111111111111 0.01796875 0.09444444444444444
3 0.62734375 0.75 0.04375 0.125
3 0.7 0.7097222222222223 0.034375 0.06111111111111111
3 0.737890625 0.7458333333333333 0.04765625 0.1388888888888889
1 0.919921875 0.7659722222222223 0.02890625 0.12916666666666668
