3 0.899609375 0.33125 0.08984375 0.14375
3 0.804296875 0.28515625 0.05546875 0.0765625
3 0.198828125 0.51484375 0.30078125 0.3703125
3 0.6875 0.32265625 0.09375 0.2203125
3 0.755859375 0.24140625 0.03359375 0.0578125
3 0.978125 0.24453125 0.0421875 0.0796875
3 0.93671875 0.2 0.034375 0.05625
3 0.866796875 0.19296875 0.03203125 0.0453125
3 0.830859375 0.17578125 0.02421875 0.0390625
3 0.676171875 0.1640625 0.01953125 0.03125
4 0.548828125 0.31640625 0.01796875 0.0515625
1 0.548046875 0.28828125 0.01796875 0.0734375
