6 0.625 0.6877346683354193 0.1359375 0.2590738423028786
6 0.722265625 0.7165206508135169 0.03984375 0.07384230287859825
1 0.04609375 0.7678347934918648 0.03125 0.10137672090112641
1 0.316796875 0.7509386733416771 0.01015625 0.06508135168961202
1 0.33046875 0.7490613266583229 0.0109375 0.058823529411764705
1 0.366796875 0.746558197747184 0.01328125 0.06382978723404255
1 0.48203125 0.737171464330413 0.0109375 0.05506883604505632
1 0.496484375 0.7359198998748435 0.00859375 0.04005006257822278
1 0.52578125 0.7359198998748435 0.009375 0.03754693366708386
1 0.851953125 0.7903629536921152 0.03671875 0.20400500625782228
1 0.822265625 0.7665832290362954 0.01953125 0.1439299123904881
1 0.803125 0.7459324155193993 0.0140625 0.07509386733416772
1 0.783984375 0.7459324155193993 0.01484375 0.07509386733416772
1 0.883203125 0.762828535669587 0.02109375 0.09887359198998748
2 0.481640625 0.7509386733416771 0.01796875 0.030037546933667083
2 0.496484375 0.7503128911138923 0.01484375 0.028785982478097622
2 0.526953125 0.7509386733416771 0.01953125 0.02002503128911139
