3 0.505859375 0.8585858585858586 0.11640625 0.12345679012345678
3 0.2234375 0.8484848484848485 0.1 0.09876543209876543
3 0.28515625 0.835016835016835 0.0765625 0.08529741863075196
3 0.090234375 0.8406285072951739 0.14453125 0.16610549943883277
3 0.688671875 0.8209876543209876 0.05234375 0.07744107744107744
3 0.626953125 0.8322109988776656 0.09765625 0.11560044893378227
3 0.4265625 0.8389450056116723 0.0796875 0.08866442199775533
3 0.770703125 0.8041526374859708 0.05234375 0.052749719416386086
3 0.330859375 0.824354657687991 0.07421875 0.09764309764309764
3 0.17890625 0.8035914702581369 0.059375 0.06958473625140292
3 0.582421875 0.82996632996633 0.02578125 0.10437710437710437
3 0.718359375 0.8024691358024691 0.03515625 0.07407407407407407
3 0.5578125 0.8063973063973064 0.03125 0.06172839506172839
3 0.38046875 0.8232323232323232 0.040625 0.08641975308641975
