3 0.51328125 0.8933774834437086 0.09375 0.1205298013245033
3 0.30078125 0.6562913907284769 0.0484375 0.06754966887417219
3 0.925 0.6947019867549669 0.078125 0.06754966887417219
3 0.202734375 0.6688741721854304 0.05234375 0.06357615894039735
3 0.158984375 0.5966887417218543 0.03984375 0.054304635761589407
6 0.205859375 0.8403973509933775 0.12890625 0.2662251655629139
3 0.35625 0.8827814569536424 0.084375 0.11788079470198676
3 0.7234375 0.6019867549668875 0.0359375 0.046357615894039736
3 0.13359375 0.5569536423841059 0.0296875 0.046357615894039736
3 0.11171875 0.523841059602649 0.0265625 0.038410596026490065
3 0.088671875 0.4781456953642384 0.02109375 0.02913907284768212
6 0.619921875 0.5635761589403974 0.10078125 0.1337748344370861
8 0.203125 0.5357615894039736 0.046875 0.08609271523178808
8 0.14765625 0.48013245033112584 0.034375 0.05695364238410596
3 0.794140625 0.5496688741721855 0.05234375 0.05827814569536424
3 0.6828125 0.571523178807947 0.028125 0.051655629139072845
