3 0.560546875 0.9388020833333334 0.06796875 0.0859375
3 0.188671875 0.8118489583333334 0.05078125 0.07161458333333333
3 0.969921875 0.931640625 0.05390625 0.05859375
3 0.923828125 0.8776041666666666 0.06015625 0.07552083333333333
3 0.3921875 0.68359375 0.0421875 0.049479166666666664
3 0.0234375 0.8125 0.04375 0.08072916666666667
3 0.0421875 0.7545572916666666 0.0390625 0.05859375
3 0.090234375 0.7096354166666666 0.04609375 0.052083333333333336
3 0.139453125 0.7408854166666666 0.03359375 0.0546875
3 0.1703125 0.6920572916666666 0.0359375 0.048177083333333336
3 0.106640625 0.6490885416666666 0.03515625 0.04296875
3 0.13046875 0.5983072916666666 0.03125 0.03515625
3 0.1875 0.6022135416666666 0.0328125 0.04296875
3 0.168359375 0.546875 0.02578125 0.03125
