6 0.46015625 0.8898305084745762 0.128125 0.21307506053268765
6 0.631640625 0.860774818401937 0.12578125 0.19128329297820823
3 0.90703125 0.7596852300242131 0.05 0.06174334140435835
3 0.778125 0.7336561743341404 0.046875 0.05811138014527845
3 0.5546875 0.8141646489104116 0.0390625 0.06658595641646489
3 0.534765625 0.7723970944309927 0.03515625 0.043583535108958835
3 0.378515625 0.7602905569007264 0.04765625 0.04600484261501211
3 0.448046875 0.7687651331719129 0.03828125 0.03631961259079903
3 0.9640625 0.6567796610169492 0.0390625 0.039951573849878935
3 0.909765625 0.6858353510895884 0.03984375 0.03026634382566586
3 0.9 0.6519370460048426 0.034375 0.03268765133171913
3 0.831640625 0.6404358353510896 0.02578125 0.03631961259079903
3 0.725 0.6416464891041163 0.0328125 0.043583535108958835
3 0.6859375 0.6501210653753027 0.0328125 0.043583535108958835
3 0.717578125 0.6803874092009685 0.03671875 0.043583535108958835
3 0.665234375 0.589588377723971 0.02578125 0.04116222760290557
6 0.621875 0.6192493946731235 0.059375 0.10774818401937046
6 0.137109375 0.9170702179176755 0.18828125 0.15375302663438256
6 0.219140625 0.9001210653753027 0.06953125 0.15617433414043583
2 0.3453125 0.8450363196125908 0.0140625 0.03631961259079903
2 0.307421875 0.9200968523002422 0.02109375 0.05084745762711865
1 0.276953125 0.812953995157385 0.01328125 0.06658595641646489
1 0.2953125 0.7978208232445521 0.0125 0.05811138014527845
2 0.31953125 0.8238498789346247 0.0140625 0.03753026634382567
1 0.31953125 0.8044794188861986 0.0109375 0.039951573849878935
1 0.3078125 0.8934624697336562 0.0140625 0.053268765133171914
1 0.346875 0.8238498789346247 0.0140625 0.035108958837772396
