3 0.520703125 0.6243055555555556 0.11640625 0.18194444444444444
3 0.71953125 0.6236111111111111 0.071875 0.08611111111111111
3 0.3375 0.5861111111111111 0.0546875 0.05277777777777778
3 0.212890625 0.5736111111111111 0.10078125 0.09166666666666666
3 0.290625 0.5763888888888888 0.0578125 0.06388888888888888
3 0.669921875 0.6041666666666666 0.03984375 0.058333333333333334
3 0.6296875 0.5972222222222222 0.0265625 0.03611111111111111
3 0.5890625 0.5958333333333333 0.0203125 0.05
8 0.42578125 0.5520833333333334 0.06875 0.10972222222222222
8 0.526171875 0.4875 0.10859375 0.29444444444444445
