3 0.1493354182955434 0.6565520945220193 0.18764659890539484 0.11009667024704618
3 0.8143080531665363 0.8649301825993555 0.26661454261141515 0.17454350161117077
3 0.34010946051602814 0.914876476906552 0.3205629397967162 0.16809881847475833
3 0.753322908522283 0.6471535982814178 0.16810007818608289 0.10526315789473684
3 0.2951524628616106 0.5268528464017186 0.12900703674745895 0.07518796992481203
3 0.45660672400312746 0.6817937701396348 0.18451915559030493 0.1552094522019334
3 0.042611415168100075 0.7333512352309345 0.08522283033620015 0.1326530612244898
3 0.47458952306489444 0.5467239527389903 0.11727912431587177 0.07411385606874328
3 0.9472243940578577 0.4266917293233083 0.0836591086786552 0.04672395273899033
3 0.700938232994527 0.5483351235230934 0.12900703674745895 0.09989258861439312
3 0.12392494136043784 0.550483351235231 0.1383893666927287 0.10204081632653061
3 0.40187646598905397 0.6302363050483352 0.13291634089132134 0.0929108485499463
3 0.0308835027365129 0.6001611170784104 0.0617670054730258 0.10472610096670247
3 0.506645817044566 0.49892588614393124 0.1016419077404222 0.0644468313641246
3 0.03792025019546521 0.5204081632653061 0.06958561376075059 0.06981740064446831
3 0.08600469116497264 0.47395273899033297 0.09382329945269742 0.043501611170784105
3 0.3534010946051603 0.4605263157894737 0.09538702111024237 0.06605800214822771
3 0.6751368256450352 0.4771750805585392 0.10086004691164972 0.040279269602577876
3 0.6544175136825645 0.44038668098818473 0.08287724784988272 0.03866809881847476
3 0.49960906958561374 0.4503222341568206 0.08444096950742767 0.04242749731471536
3 0.5222830336200156 0.4283029001074114 0.07193119624706802 0.04672395273899033
3 0.40852228303362004 0.3968850698174006 0.07584050039093042 0.04296455424274973
3 0.5469116497263488 0.40091299677765846 0.06958561376075059 0.03920515574650913
3 0.5183737294761532 0.3788936627282492 0.06724003127443315 0.04994629430719656
3 0.6606724003127443 0.41192266380236303 0.07505863956215794 0.04189044038668099
3 0.6493354182955434 0.38131041890440387 0.06489444878811572 0.02685284640171858
3 0.43393275996872555 0.37030075187969924 0.06411258795934324 0.03383458646616541
3 0.8588741204065676 0.37406015037593987 0.06333072713057075 0.043501611170784105
3 0.8092259577795152 0.3246509129967777 0.05160281469898358 0.027389903329752954
3 0.9495699765441752 0.3576799140708915 0.05707584050039093 0.03866809881847476
3 0.8107896794370602 0.29242749731471535 0.04222048475371384 0.025241675617615467
3 0.883893666927287 0.26611170784103116 0.06645817044566067 0.05209452201933405
3 0.7849882720875684 0.2822234156820623 0.04222048475371384 0.025241675617615467
3 0.7541047693510555 0.26745435016111707 0.0398749022673964 0.01933404940923738
3 0.6407349491790462 0.35096670247046186 0.05394839718530102 0.020945220193340493
3 0.4734167318217357 0.31525241675617616 0.05238467552775606 0.02900107411385607
3 0.6544175136825645 0.336734693877551 0.04847537138389367 0.02685284640171858
3 0.45074276778733385 0.333780880773362 0.0508209538702111 0.024167561761546726
3 0.4433150899139953 0.3501611170784103 0.05629397967161845 0.023630504833512353
3 0.5445660672400313 0.3458646616541353 0.04925723221266615 0.021482277121374866
3 0.5578577013291635 0.33458646616541354 0.0508209538702111 0.023630504833512353
3 0.5562939796716184 0.30451127819548873 0.046129788897576234 0.02040816326530612
3 0.05199374511336982 0.4068206229860365 0.08209538702111024 0.04887218045112782
3 0.042611415168100075 0.43286788399570353 0.07114933541829555 0.03866809881847476
1 0.12118842845973417 0.44065520945220193 0.0328381548084441 0.05209452201933405
