3 0.5774193548387097 0.7067183462532299 0.14516129032258066 0.1834625322997416
3 0.38629032258064516 0.8307493540051679 0.1596774193548387 0.18863049095607234
3 0.40080645161290324 0.5064599483204134 0.11129032258064517 0.14470284237726097
3 0.2056451612903226 0.5232558139534884 0.10161290322580645 0.10594315245478036
3 0.05161290322580645 0.6059431524547804 0.1 0.12661498708010335
3 0.7556451612903226 0.6847545219638242 0.1435483870967742 0.18087855297157623
3 0.8774193548387097 0.2661498708010336 0.06774193548387097 0.07751937984496124
3 0.525 0.4573643410852713 0.09516129032258064 0.11369509043927649
3 0.6048387096774194 0.20930232558139536 0.05806451612903226 0.07235142118863049
3 0.2903225806451613 0.32299741602067183 0.07741935483870968 0.08785529715762273
3 0.7451612903225806 0.24806201550387597 0.06451612903225806 0.07751937984496124
3 0.22580645161290322 0.917312661498708 0.2 0.16020671834625322
3 0.7032258064516129 0.20155038759689922 0.05161290322580645 0.06718346253229975
3 0.15241935483870966 0.42248062015503873 0.08870967741935484 0.09560723514211886
3 0.907258064516129 0.21834625322997417 0.0532258064516129 0.06976744186046512
3 0.013709677419354839 0.20284237726098192 0.027419354838709678 0.06976744186046512
3 0.567741935483871 0.1434108527131783 0.04838709677419355 0.059431524547803614
3 0.12016129032258065 0.24160206718346253 0.07580645161290323 0.1524547803617571
3 0.19112903225806452 0.10465116279069768 0.03387096774193549 0.05426356589147287
3 0.22580645161290322 0.08527131782945736 0.03225806451612903 0.03617571059431524
3 0.2717741935483871 0.10465116279069768 0.04032258064516129 0.028423772609819122
3 0.30483870967741933 0.08139534883720931 0.035483870967741936 0.03875968992248062
3 0.38629032258064516 0.29198966408268734 0.07580645161290323 0.10852713178294573
3 0.5911290322580646 0.06330749354005168 0.03064516129032258 0.04392764857881137
8 0.8637096774193549 0.12919896640826872 0.08225806451612903 0.11369509043927649
8 0.7701612903225806 0.13565891472868216 0.10483870967741936 0.1731266149870801
8 0.6959677419354838 0.12790697674418605 0.056451612903225805 0.10594315245478036
8 0.7241935483870968 0.06330749354005168 0.06129032258064516 0.11627906976744186
8 0.6379032258064516 0.07235142118863049 0.043548387096774194 0.09302325581395349
8 0.25 0.19509043927648578 0.08709677419354839 0.13695090439276486
8 0.14677419354838708 0.14470284237726097 0.06451612903225806 0.13953488372093023
8 0.2645161290322581 0.04521963824289406 0.07419354838709677 0.08527131782945736
3 0.3685483870967742 0.03359173126614987 0.0467741935483871 0.06718346253229975
3 0.3588709677419355 0.09302325581395349 0.0532258064516129 0.07751937984496124
3 0.34838709677419355 0.15891472868217055 0.06774193548387097 0.1111111111111111
