3 0.54 0.6674603174603174 0.06333333333333334 0.06190476190476191
3 0.9383333333333334 0.6738095238095239 0.11 0.06507936507936508
6 0.7654166666666666 0.6301587301587301 0.16416666666666666 0.08253968253968254
3 0.8629166666666667 0.665079365079365 0.06583333333333333 0.05396825396825397
3 0.26125 0.6698412698412698 0.0525 0.044444444444444446
3 0.35833333333333334 0.669047619047619 0.051666666666666666 0.046031746031746035
3 0.4116666666666667 0.6523809523809524 0.043333333333333335 0.044444444444444446
3 0.15583333333333332 0.6555555555555556 0.025 0.025396825396825397
3 0.10625 0.6492063492063492 0.019166666666666665 0.022222222222222223
3 0.22458333333333333 0.6619047619047619 0.020833333333333332 0.031746031746031744
3 0.32625 0.6603174603174603 0.025833333333333333 0.031746031746031744
3 0.07166666666666667 0.6563492063492063 0.021666666666666667 0.026984126984126985
