3 0.5791666666666667 0.8180722891566266 0.12833333333333333 0.14698795180722893
3 0.3575 0.8024096385542169 0.14166666666666666 0.13975903614457832
3 0.43083333333333335 0.7795180722891566 0.10166666666666667 0.12771084337349398
3 0.2658333333333333 0.7807228915662651 0.09166666666666666 0.1108433734939759
3 0.6541666666666667 0.7807228915662651 0.07166666666666667 0.0963855421686747
3 0.7633333333333333 0.7662650602409639 0.08 0.0963855421686747
3 0.8666666666666667 0.791566265060241 0.11 0.16626506024096385
3 0.5116666666666667 0.7650602409638554 0.07666666666666666 0.07951807228915662
3 0.12333333333333334 0.7337349397590361 0.08333333333333333 0.060240963855421686
3 0.04 0.744578313253012 0.08 0.05783132530120482
3 0.23333333333333334 0.755421686746988 0.07333333333333333 0.0891566265060241
3 0.6941666666666667 0.7602409638554217 0.051666666666666666 0.08433734939759036
3 0.18416666666666667 0.736144578313253 0.041666666666666664 0.05060240963855422
