3 0.49921507064364207 0.34203296703296704 0.12244897959183673 0.1620879120879121
3 0.8571428571428571 0.25137362637362637 0.09419152276295134 0.12912087912087913
3 0.8406593406593407 0.6098901098901099 0.315541601255887 0.4340659340659341
3 0.42778649921507067 0.26785714285714285 0.0706436420722135 0.09615384615384616
3 0.30141287284144425 0.23351648351648352 0.05023547880690738 0.06593406593406594
3 0.13186813186813187 0.33104395604395603 0.12244897959183673 0.21703296703296704
3 0.5588697017268446 0.18543956043956045 0.0282574568288854 0.03021978021978022
3 0.5855572998430141 0.18681318681318682 0.02511773940345369 0.038461538461538464
3 0.6248037676609105 0.18543956043956045 0.0282574568288854 0.04120879120879121
3 0.6962323390894819 0.2184065934065934 0.09262166405023547 0.16758241758241757
3 0.34379905808477235 0.19093406593406592 0.0282574568288854 0.04120879120879121
3 0.20565149136577707 0.6167582417582418 0.30141287284144425 0.43131868131868134
8 0.6781789638932496 0.14285714285714285 0.0565149136577708 0.1043956043956044
