3 0.5681818181818182 0.9573378839590444 0.09090909090909091 0.07849829351535836
3 0.8295454545454546 0.8856655290102389 0.09545454545454546 0.11262798634812286
3 0.7579545454545454 0.8293515358361775 0.07045454545454545 0.08873720136518772
3 0.0625 0.7064846416382252 0.056818181818181816 0.05460750853242321
3 0.6477272727272727 0.8037542662116041 0.06363636363636363 0.07849829351535836
3 0.8125 0.7150170648464164 0.05227272727272727 0.06484641638225255
3 0.6943181818181818 0.7013651877133106 0.05227272727272727 0.07849829351535836
3 0.8920454545454546 0.8378839590443686 0.075 0.08532423208191127
3 0.29204545454545455 0.9607508532423208 0.11136363636363636 0.06484641638225255
3 0.21818181818181817 0.9385665529010239 0.10454545454545454 0.10921501706484642
3 0.48409090909090907 0.568259385665529 0.04090909090909091 0.051194539249146756
3 0.8306818181818182 0.6706484641638225 0.05227272727272727 0.05802047781569966
3 0.7431818181818182 0.5870307167235495 0.03636363636363636 0.05460750853242321
3 0.9215909090909091 0.6791808873720137 0.05227272727272727 0.07508532423208192
3 0.38977272727272727 0.773037542662116 0.056818181818181816 0.09215017064846416
3 0.20681818181818182 0.8686006825938567 0.07727272727272727 0.09215017064846416
3 0.41818181818181815 0.8924914675767918 0.08181818181818182 0.09215017064846416
3 0.5511363636363636 0.7491467576791809 0.05227272727272727 0.07167235494880546
3 0.4659090909090909 0.6757679180887372 0.045454545454545456 0.06825938566552901
3 0.425 0.6348122866894198 0.04090909090909091 0.05460750853242321
3 0.5761363636363637 0.6143344709897611 0.04772727272727273 0.05460750853242321
3 0.6454545454545455 0.6040955631399317 0.03636363636363636 0.040955631399317405
3 0.5215909090909091 0.5307167235494881 0.038636363636363635 0.03754266211604096
3 0.13068181818181818 0.6689419795221843 0.038636363636363635 0.04778156996587031
3 0.1590909090909091 0.6860068259385665 0.04090909090909091 0.040955631399317405
3 0.2409090909090909 0.6484641638225256 0.03636363636363636 0.040955631399317405
3 0.6920454545454545 0.5187713310580204 0.029545454545454545 0.040955631399317405
3 0.9840909090909091 0.5051194539249146 0.022727272727272728 0.034129692832764506
3 0.8806818181818182 0.515358361774744 0.025 0.034129692832764506
3 0.8193181818181818 0.5017064846416383 0.025 0.040955631399317405
3 0.3488636363636364 0.7491467576791809 0.04318181818181818 0.07167235494880546
3 0.3397727272727273 0.7098976109215017 0.04318181818181818 0.05460750853242321
3 0.9329545454545455 0.5716723549488054 0.038636363636363635 0.051194539249146756
3 0.9443181818181818 0.6245733788395904 0.04318181818181818 0.05460750853242321
3 0.5693181818181818 0.45733788395904434 0.029545454545454545 0.040955631399317405
3 0.6011363636363637 0.4590443686006826 0.025 0.03754266211604096
3 0.6454545454545455 0.4658703071672355 0.02727272727272727 0.04436860068259386
3 0.6284090909090909 0.5409556313993175 0.025 0.04436860068259386
