3 0.6096214511041009 0.59375 0.16876971608832808 0.2536764705882353
3 0.8446372239747634 0.5735294117647058 0.17823343848580442 0.22058823529411764
3 0.4077287066246057 0.5404411764705882 0.11829652996845426 0.19852941176470587
3 0.7334384858044164 0.49816176470588236 0.10725552050473186 0.16544117647058823
3 0.24526813880126183 0.49816176470588236 0.09621451104100946 0.15073529411764705
3 0.554416403785489 0.44485294117647056 0.07413249211356467 0.11764705882352941
3 0.7657728706624606 0.4430147058823529 0.08675078864353312 0.10661764705882353
3 0.48264984227129337 0.39889705882352944 0.050473186119873815 0.08455882352941177
3 0.2996845425867508 0.4411764705882353 0.056782334384858045 0.09558823529411764
3 0.10646687697160884 0.43566176470588236 0.07097791798107256 0.12867647058823528
