3 0.06459731543624161 0.6865148861646234 0.12919463087248323 0.07705779334500876
3 0.2348993288590604 0.7434325744308231 0.2516778523489933 0.08581436077057793
3 0.6510067114093959 0.9439579684763573 0.15436241610738255 0.10507880910683012
3 0.10151006711409397 0.9562171628721541 0.19630872483221476 0.0840630472854641
3 0.45050335570469796 0.9387040280210157 0.15604026845637584 0.1190893169877408
3 0.1644295302013423 0.637478108581436 0.06711409395973154 0.0595446584938704
3 0.3296979865771812 0.9588441330998249 0.18959731543624161 0.07880910683012259
3 0.26174496644295303 0.637478108581436 0.07046979865771812 0.06304728546409807
3 0.4228187919463087 0.8266199649737302 0.10738255033557047 0.1085814360770578
6 0.962248322147651 0.7635726795096323 0.07214765100671142 0.2031523642732049
3 0.697986577181208 0.9281961471103327 0.12751677852348994 0.11558669001751314
3 0.8330536912751678 0.8108581436077058 0.10570469798657718 0.10157618213660245
3 0.7944630872483222 0.8607705779334501 0.10234899328859061 0.10683012259194395
3 0.47818791946308725 0.9281961471103327 0.14429530201342283 0.12609457092819615
3 0.43708053691275167 0.659369527145359 0.07885906040268456 0.08231173380035026
3 0.5914429530201343 0.8476357267950964 0.12583892617449666 0.10157618213660245
3 0.6753355704697986 0.5542907180385289 0.05536912751677853 0.050788091068301226
3 0.9035234899328859 0.9518388791593695 0.14261744966442952 0.09281961471103327
3 0.36325503355704697 0.6348511383537653 0.07550335570469799 0.06830122591943957
3 0.7533557046979866 0.8914185639229422 0.10738255033557047 0.11558669001751314
4 0.7785234899328859 0.723292469352014 0.05704697986577181 0.0595446584938704
1 0.23909395973154363 0.6541155866900175 0.018456375838926176 0.06129597197898424
2 0.23909395973154363 0.6795096322241682 0.031879194630872486 0.04203152364273205
1 0.4588926174496644 0.6751313485113836 0.015100671140939598 0.10332749562171628
1 0.5302013422818792 0.6646234676007006 0.02348993288590604 0.0647985989492119
1 0.7701342281879194 0.7110332749562172 0.020134228187919462 0.09807355516637478
1 0.9001677852348994 0.7057793345008757 0.02181208053691275 0.07705779334500876
4 0.9010067114093959 0.7241681260945709 0.04697986577181208 0.06830122591943957
3 0.20889261744966442 0.6155866900175131 0.04530201342281879 0.06129597197898424
3 0.3263422818791946 0.5490367775831874 0.04194630872483222 0.03677758318739054
3 0.37919463087248323 0.5385288966725044 0.0436241610738255 0.03327495621716287
3 0.40184563758389263 0.5840630472854641 0.0587248322147651 0.040280210157618214
3 0.43456375838926176 0.5087565674255692 0.03355704697986577 0.03327495621716287
3 0.4848993288590604 0.542031523642732 0.0436241610738255 0.03327495621716287
3 0.4949664429530201 0.5770577933450087 0.050335570469798654 0.043782837127845885
3 0.49161073825503354 0.6260945709281961 0.04697986577181208 0.043782837127845885
3 0.5629194630872483 0.6637478108581436 0.1325503355704698 0.07355516637478109
3 0.552013422818792 0.7302977232924693 0.09060402684563758 0.06654991243432574
3 0.5192953020134228 0.7705779334500875 0.08557046979865772 0.07705779334500876
3 0.6879194630872483 0.7819614711033275 0.09395973154362416 0.08231173380035026
3 0.6476510067114094 0.809106830122592 0.10067114093959731 0.07705779334500876
3 0.837248322147651 0.6681260945709282 0.13758389261744966 0.0647985989492119
3 0.8380872483221476 0.6199649737302977 0.07214765100671142 0.04203152364273205
3 0.7760067114093959 0.5709281961471103 0.04530201342281879 0.04203152364273205
3 0.7432885906040269 0.5516637478108581 0.026845637583892617 0.04553415061295972
3 0.5738255033557047 0.5341506129597198 0.03691275167785235 0.03852889667250438
3 0.6375838926174496 0.5437828371278459 0.03691275167785235 0.043782837127845885
3 0.17701342281879195 0.521015761821366 0.03523489932885906 0.040280210157618214
6 0.21644295302013422 0.4859894921190893 0.050335570469798654 0.07180385288966724
3 0.5654362416107382 0.5980735551663747 0.06711409395973154 0.05779334500875657
