3 0.3796875 0.639218009478673 0.1125 0.11966824644549763
3 0.280859375 0.658175355450237 0.11171875 0.1528436018957346
3 0.757421875 0.6469194312796208 0.13359375 0.16113744075829384
3 0.153125 0.6629146919431279 0.1921875 0.22867298578199052
3 0.476171875 0.6214454976303317 0.07734375 0.08412322274881516
3 0.58125 0.6149289099526066 0.1234375 0.16587677725118483
3 0.66875 0.6018957345971564 0.0703125 0.08530805687203792
3 0.8640625 0.5936018957345972 0.021875 0.061611374407582936
3 0.895703125 0.5906398104265402 0.04765625 0.06753554502369669
6 0.78046875 0.5616113744075829 0.153125 0.22274881516587677
6 0.66484375 0.5533175355450237 0.075 0.07345971563981042
