3 0.29763560500695413 0.7402777777777778 0.16504404265183126 0.23425925925925925
3 0.4035697728326379 0.6449074074074074 0.08576726935558646 0.12314814814814815
3 0.6798794622160408 0.5819444444444445 0.054242002781641166 0.07314814814814814
3 0.7573018080667594 0.6013888888888889 0.09225776541492814 0.16574074074074074
3 0.5533147890588781 0.5685185185185185 0.05516921650440427 0.05740740740740741
3 0.18150208623087621 0.5962962962962963 0.04960593416782568 0.06111111111111111
3 0.10083449235048679 0.6129629629629629 0.07834955957348169 0.08703703703703704
3 0.23875753361149746 0.5819444444444445 0.03801576263328697 0.04351851851851852
3 0.26564673157162727 0.5666666666666667 0.0296708391284191 0.03333333333333333
3 0.4471488178025035 0.5953703703703703 0.04033379694019471 0.07962962962962963
3 0.37899860917941586 0.5601851851851852 0.019935095039406582 0.025925925925925925
3 0.418868799258229 0.5712962962962963 0.02364394993045897 0.03148148148148148
3 0.45920259619842374 0.5592592592592592 0.03013444598980065 0.04259259259259259
3 0.588317107093185 0.6291666666666667 0.0880853036624942 0.13425925925925927
3 0.11126564673157163 0.5560185185185185 0.04821511358368104 0.11203703703703703
