6 0.720703125 0.5113500597371565 0.23203125 0.4970131421744325
3 0.055859375 0.6971326164874552 0.11171875 0.24970131421744324
3 0.146484375 0.6869772998805257 0.07734375 0.17204301075268819
3 0.055078125 0.7204301075268817 0.07265625 0.2007168458781362
3 0.122265625 0.7031063321385902 0.04765625 0.17323775388291518
3 0.187890625 0.6660692951015532 0.03359375 0.15651135005973715
3 0.212890625 0.6702508960573477 0.01640625 0.13620071684587814
3 0.2265625 0.6642771804062126 0.021875 0.16009557945041816
3 0.255859375 0.6600955794504182 0.02734375 0.13978494623655913
3 0.280859375 0.6439665471923537 0.02109375 0.10752688172043011
3 0.29453125 0.6367980884109916 0.0234375 0.08602150537634409
3 0.4984375 0.5979689366786141 0.1171875 0.2162485065710872
1 0.911328125 0.6326164874551972 0.03515625 0.20430107526881722
1 0.887109375 0.6397849462365591 0.03828125 0.18518518518518517
