3 0.508984375 0.5401785714285714 0.13046875 0.17729591836734693
3 0.846875 0.5420918367346939 0.121875 0.11989795918367346
8 0.744921875 0.44706632653061223 0.12578125 0.31505102040816324
1 0.01171875 0.5197704081632653 0.021875 0.12627551020408162
1 0.067578125 0.5306122448979592 0.01953125 0.09183673469387756
3 0.07265625 0.5363520408163265 0.05 0.06505102040816327
3 0.096484375 0.5204081632653061 0.03359375 0.07397959183673469
3 0.216015625 0.5338010204081632 0.13203125 0.09056122448979592
3 0.263671875 0.5191326530612245 0.06328125 0.07653061224489796
3 0.374609375 0.5242346938775511 0.11328125 0.20408163265306123
3 0.444921875 0.5363520408163265 0.03671875 0.10841836734693877
3 0.584375 0.5497448979591837 0.046875 0.13520408163265307
3 0.59921875 0.5216836734693877 0.0546875 0.13010204081632654
3 0.6296875 0.5121173469387755 0.028125 0.14923469387755103
8 0.619140625 0.4942602040816326 0.08046875 0.1747448979591837
