3 0.666015625 0.7965277777777777 0.25234375 0.35694444444444445
3 0.266015625 0.7923611111111111 0.29921875 0.34305555555555556
3 0.909375 0.6638888888888889 0.1796875 0.2638888888888889
3 0.794921875 0.6284722222222222 0.11328125 0.18472222222222223
3 0.076953125 0.8027777777777778 0.15234375 0.39166666666666666
3 0.465234375 0.675 0.08046875 0.15555555555555556
3 0.614453125 0.6319444444444444 0.12265625 0.14722222222222223
3 0.4015625 0.7152777777777778 0.14375 0.22777777777777777
3 0.480078125 0.6548611111111111 0.08203125 0.14305555555555555
3 0.50703125 0.6298611111111111 0.0828125 0.12361111111111112
3 0.740625 0.6 0.04375 0.09444444444444444
3 0.04765625 0.6291666666666667 0.0765625 0.075
3 0.975390625 0.7180555555555556 0.04140625 0.31666666666666665
