3 0.523828125 0.8368055555555556 0.19140625 0.2875
3 0.119140625 0.7986111111111112 0.18984375 0.2111111111111111
3 0.8078125 0.7993055555555556 0.165625 0.23472222222222222
3 0.6109375 0.7798611111111111 0.059375 0.15694444444444444
3 0.447265625 0.7472222222222222 0.05234375 0.09166666666666666
3 0.267578125 0.7375 0.11640625 0.1638888888888889
3 0.5421875 0.6777777777777778 0.0515625 0.05555555555555555
3 0.69765625 0.7055555555555556 0.03125 0.05
3 0.738671875 0.7465277777777778 0.04296875 0.12916666666666668
3 0.65390625 0.7402777777777778 0.0265625 0.08888888888888889
1 0.91953125 0.7652777777777777 0.0265625 0.13055555555555556
