3 0.447265625 0.8863095238095238 0.13203125 0.12738095238095237
3 0.626171875 0.8178571428571428 0.08671875 0.05476190476190476
4 0.8875 0.8482142857142857 0.01875 0.04880952380952381
3 0.08671875 0.8922619047619048 0.1265625 0.16785714285714284
3 0.240234375 0.8410714285714286 0.03515625 0.036904761904761905
1 0.301953125 0.8464285714285714 0.01796875 0.07380952380952381
1 0.317578125 0.8452380952380952 0.01796875 0.07857142857142857
1 0.698828125 0.8333333333333334 0.01640625 0.07857142857142857
1 0.680078125 0.8363095238095238 0.01328125 0.07261904761904762
1 0.66328125 0.8303571428571429 0.0140625 0.0630952380952381
1 0.887109375 0.8220238095238095 0.02578125 0.058333333333333334
