3 0.111328125 0.816875 0.16328125 0.22625
3 0.735546875 0.863125 0.19921875 0.24125
3 0.441015625 0.884375 0.18359375 0.21625
3 0.895703125 0.48375 0.11171875 0.1575
3 0.421484375 0.476875 0.12890625 0.13375
3 0.61171875 0.51875 0.125 0.15
3 0.528125 0.686875 0.1625 0.20375
3 0.81484375 0.668125 0.1546875 0.19375
3 0.45546875 0.39 0.1109375 0.1175
3 0.05234375 0.4125 0.103125 0.1125
3 0.66796875 0.4025 0.090625 0.125
3 0.739453125 0.295625 0.08828125 0.11875
3 0.866015625 0.399375 0.09453125 0.12875
3 0.605859375 0.251875 0.07734375 0.10875
3 0.841796875 0.135 0.05859375 0.0825
3 0.719140625 0.135 0.06640625 0.08
3 0.76953125 0.061875 0.0515625 0.06625
3 0.3171875 0.225625 0.0828125 0.09375
3 0.25078125 0.171875 0.075 0.08375
8 0.940625 0.153125 0.1109375 0.25375
