3 0.3328125 0.8698547215496368 0.0984375 0.10774818401937046
3 0.9453125 0.6719128329297821 0.0546875 0.07021791767554479
3 0.9 0.62409200968523 0.0453125 0.06174334140435835
3 0.94609375 0.6398305084745762 0.05625 0.06174334140435835
3 0.4140625 0.6658595641646489 0.05625 0.06537530266343826
3 0.3375 0.7124697336561744 0.0640625 0.07627118644067797
3 0.868359375 0.6041162227602905 0.02578125 0.06053268765133172
3 0.83828125 0.5671912832929782 0.0296875 0.039951573849878935
3 0.916796875 0.5756658595641646 0.01953125 0.03753026634382567
3 0.878125 0.5556900726392252 0.0265625 0.031476997578692496
3 0.889453125 0.572639225181598 0.01640625 0.021791767554479417
3 0.95078125 0.5659806295399515 0.025 0.03268765133171913
3 0.95078125 0.612590799031477 0.04375 0.048426150121065374
3 0.798046875 0.49515738498789347 0.03046875 0.024213075060532687
3 0.801171875 0.5084745762711864 0.01796875 0.029055690072639227
3 0.819921875 0.5562953995157385 0.01796875 0.03753026634382567
3 0.576171875 0.4963680387409201 0.02109375 0.029055690072639227
3 0.98125 0.639225181598063 0.0234375 0.06295399515738499
