3 0.566796875 0.7654702970297029 0.13046875 0.14232673267326731
3 0.321484375 0.7821782178217822 0.21640625 0.17326732673267325
3 0.688671875 0.6974009900990099 0.04140625 0.053217821782178217
1 0.33046875 0.7642326732673267 0.0953125 0.24133663366336633
1 0.469921875 0.7295792079207921 0.03046875 0.10272277227722772
4 0.466796875 0.7530940594059405 0.03359375 0.06806930693069307
3 0.103125 0.7066831683168316 0.09375 0.09405940594059406
3 0.025390625 0.7023514851485149 0.05078125 0.12252475247524752
3 0.750390625 0.6707920792079208 0.02734375 0.04455445544554455
4 0.30859375 0.8483910891089109 0.0875 0.1844059405940594
