3 0.808203125 0.8711943793911007 0.06640625 0.06557377049180328
3 0.61796875 0.9402810304449649 0.0703125 0.08430913348946135
3 0.890625 0.9537470725995316 0.1046875 0.08782201405152225
3 0.50625 0.9110070257611241 0.0546875 0.0585480093676815
3 0.316015625 0.917447306791569 0.06015625 0.08313817330210772
3 0.22734375 0.8126463700234192 0.040625 0.05620608899297424
3 0.275 0.9800936768149883 0.08125 0.03747072599531616
3 0.93671875 0.8272833723653396 0.065625 0.05269320843091335
3 0.216015625 0.949648711943794 0.08046875 0.0936768149882904
3 0.405859375 0.8588992974238876 0.05078125 0.07142857142857142
3 0.645703125 0.7874707259953162 0.03984375 0.04566744730679157
3 0.1296875 0.9268149882903981 0.0953125 0.12763466042154567
3 0.29765625 0.8261124121779859 0.0421875 0.05035128805620609
3 0.281640625 0.7892271662763466 0.02734375 0.04918032786885246
3 0.358203125 0.8144028103044496 0.03828125 0.05269320843091335
3 0.42265625 0.7845433255269321 0.03125 0.03747072599531616
3 0.399609375 0.7605386416861827 0.02421875 0.03161592505854801
3 0.313671875 0.7716627634660421 0.02421875 0.0351288056206089
3 0.33359375 0.7265807962529274 0.015625 0.02459016393442623
3 0.359375 0.7663934426229508 0.0328125 0.01990632318501171
3 0.16953125 0.8676814988290398 0.0453125 0.04918032786885246
3 0.50078125 0.8524590163934426 0.0375 0.0468384074941452
3 0.495703125 0.8138173302107728 0.02734375 0.02107728337236534
3 0.491796875 0.7892271662763466 0.03515625 0.03981264637002342
3 0.537890625 0.7570257611241218 0.03046875 0.03864168618266979
3 0.58984375 0.7781030444964872 0.0265625 0.03629976580796253
3 0.740234375 0.7769320843091335 0.03046875 0.03161592505854801
3 0.407421875 0.7271662763466042 0.02421875 0.03981264637002342
6 0.537890625 0.6756440281030445 0.03203125 0.04918032786885246
6 0.1921875 0.7459016393442623 0.1484375 0.07259953161592506
