3 0.8686666666666667 0.8037190082644629 0.24666666666666667 0.34297520661157027
3 0.53 0.45041322314049587 0.09466666666666666 0.1446280991735537
3 0.66 0.42665289256198347 0.112 0.13016528925619836
3 0.3486666666666667 0.43285123966942146 0.09466666666666666 0.14669421487603307
3 0.16666666666666666 0.5733471074380165 0.12533333333333332 0.18801652892561985
3 0.39666666666666667 0.2190082644628099 0.06266666666666666 0.08264462809917356
3 0.5546666666666666 0.30785123966942146 0.088 0.11570247933884298
3 0.486 0.12396694214876033 0.04133333333333333 0.06198347107438017
3 0.8186666666666667 0.09504132231404959 0.058666666666666666 0.0743801652892562
8 0.25666666666666665 0.1415289256198347 0.076 0.1756198347107438
8 0.36333333333333334 0.1446280991735537 0.06533333333333333 0.1322314049586777
