3 0.45487551867219916 0.7466266866566716 0.11514522821576763 0.13193403298350825
3 0.7287344398340249 0.7488755622188905 0.12344398340248963 0.11244377811094453
3 0.23340248962655602 0.7436281859070465 0.13692946058091288 0.15292353823088456
3 0.2868257261410788 0.5809595202398801 0.10062240663900415 0.11244377811094453
3 0.6841286307053942 0.704647676161919 0.10269709543568464 0.08095952023988005
3 0.8755186721991701 0.37181409295352325 0.07053941908713693 0.095952023988006
3 0.487551867219917 0.6431784107946027 0.0975103734439834 0.10794602698650675
3 0.7800829875518672 0.308095952023988 0.04771784232365145 0.05847076461769116
8 0.4766597510373444 0.4257871064467766 0.12136929460580913 0.26686656671664166
8 0.31483402489626555 0.3988005997001499 0.11929460580912864 0.24587706146926536
8 0.35477178423236516 0.29760119940029983 0.08091286307053942 0.2143928035982009
8 0.37603734439834025 0.260119940029985 0.07365145228215768 0.22038980509745126
8 0.46939834024896265 0.25337331334332835 0.061203319502074686 0.12293853073463268
8 0.5368257261410788 0.2331334332833583 0.0487551867219917 0.13043478260869565
8 0.4808091286307054 0.17916041979010494 0.038381742738589214 0.10344827586206896
8 0.9823651452282157 0.3230884557721139 0.03319502074688797 0.1904047976011994
8 0.9434647302904564 0.29310344827586204 0.038381742738589214 0.20539730134932535
8 0.9035269709543569 0.308095952023988 0.04771784232365145 0.11544227886056972
8 0.816908713692946 0.2683658170914543 0.05705394190871369 0.1199400299850075
8 0.7598547717842323 0.2571214392803598 0.04253112033195021 0.10344827586206896
3 0.13018672199170125 0.9002998500749625 0.23340248962655602 0.1904047976011994
3 0.30809128630705396 0.1619190404797601 0.029045643153526972 0.053973013493253376
3 0.6130705394190872 0.4782608695652174 0.07883817427385892 0.07196401799100449
3 0.6400414937759336 0.5352323838080959 0.08506224066390042 0.09895052473763119
3 0.7271784232365145 0.30134932533733133 0.03734439834024896 0.047976011994003
3 0.8428423236514523 0.30434782608695654 0.04045643153526971 0.047976011994003
3 0.558091286307054 0.30134932533733133 0.04979253112033195 0.044977511244377814
3 0.6763485477178424 0.2826086956521739 0.03112033195020747 0.04047976011994003
