3 0.24294354838709678 0.7589605734767025 0.23790322580645162 0.34946236559139787
3 0.06451612903225806 0.649641577060932 0.10483870967741936 0.12365591397849462
3 0.530241935483871 0.6550179211469535 0.08870967741935484 0.08781362007168458
3 0.3024193548387097 0.4874551971326165 0.036290322580645164 0.053763440860215055
3 0.6628024193548387 0.6460573476702509 0.07762096774193548 0.12365591397849462
3 0.4808467741935484 0.43189964157706096 0.03024193548387097 0.04659498207885305
3 0.6940524193548387 0.4731182795698925 0.03528225806451613 0.043010752688172046
3 0.35836693548387094 0.5295698924731183 0.03931451612903226 0.05555555555555555
3 0.3588709677419355 0.4775985663082437 0.036290322580645164 0.05197132616487455
3 0.34576612903225806 0.4525089605734767 0.028225806451612902 0.04121863799283154
3 0.6557459677419355 0.4336917562724014 0.029233870967741934 0.035842293906810034
3 0.6471774193548387 0.45698924731182794 0.03024193548387097 0.03942652329749104
3 0.748991935483871 0.507168458781362 0.036290322580645164 0.043010752688172046
3 0.780241935483871 0.42473118279569894 0.03024193548387097 0.03942652329749104
3 0.5917338709677419 0.6317204301075269 0.06048387096774194 0.0913978494623656
3 0.6376008064516129 0.6066308243727598 0.021169354838709676 0.03763440860215054
3 0.7202620967741935 0.6362007168458781 0.05342741935483871 0.08243727598566308
3 0.3911290322580645 0.6666666666666666 0.11693548387096774 0.16845878136200718
8 0.19455645161290322 0.5349462365591398 0.05846774193548387 0.0985663082437276
