3 0.0935483870967742 0.6404358353510896 0.1064516129032258 0.1089588377723971
3 0.8008064516129032 0.8765133171912833 0.13709677419354838 0.14043583535108958
3 0.839516129032258 0.5193704600484261 0.07903225806451612 0.0847457627118644
3 0.2782258064516129 0.4661016949152542 0.06290322580645161 0.06537530266343826
3 0.6701612903225806 0.4782082324455206 0.06612903225806452 0.07990314769975787
3 0.3016129032258065 0.7857142857142857 0.10967741935483871 0.13317191283292978
3 0.5709677419354838 0.38619854721549635 0.05161290322580645 0.05569007263922518
3 0.031451612903225803 0.4975786924939467 0.06290322580645161 0.06537530266343826
3 0.36693548387096775 0.4346246973365617 0.056451612903225805 0.06053268765133172
3 0.3387096774193548 0.5581113801452785 0.07741935483870968 0.09443099273607748
3 0.19435483870967743 0.5956416464891041 0.08225806451612903 0.09200968523002422
3 0.9467741935483871 0.4648910411622276 0.06129032258064516 0.06779661016949153
3 0.967741935483871 0.5363196125907991 0.05806451612903226 0.0847457627118644
3 0.7467741935483871 0.45278450363196127 0.06129032258064516 0.07263922518159806
3 0.5564516129032258 0.6428571428571429 0.11290322580645161 0.12832929782082325
3 0.1435483870967742 0.47699757869249393 0.06451612903225806 0.06295399515738499
3 0.432258064516129 0.5302663438256658 0.07419354838709677 0.06779661016949153
3 0.13548387096774195 0.43341404358353514 0.06129032258064516 0.06779661016949153
3 0.0814516129032258 0.30871670702179177 0.037096774193548385 0.04600484261501211
3 0.13790322580645162 0.4515738498789346 0.06290322580645161 0.06537530266343826
3 0.24435483870967742 0.37772397094430993 0.05 0.06295399515738499
3 0.027419354838709678 0.387409200968523 0.054838709677419356 0.05811138014527845
8 0.7887096774193548 0.37530266343825663 0.1064516129032258 0.1791767554479419
8 0.8774193548387097 0.37409200968523004 0.06774193548387097 0.14285714285714285
8 0.7080645161290322 0.2990314769975787 0.05806451612903226 0.15254237288135594
8 0.6612903225806451 0.3583535108958838 0.06451612903225806 0.1016949152542373
8 0.5879032258064516 0.29782082324455206 0.043548387096774194 0.09200968523002422
8 0.6346774193548387 0.288135593220339 0.03387096774193549 0.06779661016949153
8 0.6516129032258065 0.24818401937046006 0.04516129032258064 0.08958837772397095
8 0.2508064516129032 0.3026634382566586 0.05967741935483871 0.11138014527845036
8 0.19032258064516128 0.2796610169491525 0.041935483870967745 0.08958837772397095
8 0.31048387096774194 0.211864406779661 0.043548387096774194 0.0847457627118644
8 0.3403225806451613 0.29539951573849876 0.03870967741935484 0.07263922518159806
8 0.3596774193548387 0.22397094430992737 0.03870967741935484 0.1089588377723971
8 0.5120967741935484 0.19975786924939468 0.043548387096774194 0.07021791767554479
3 0.32661290322580644 0.3583535108958838 0.056451612903225805 0.05811138014527845
3 0.2967741935483871 0.2711864406779661 0.035483870967741936 0.043583535108958835
3 0.14596774193548387 0.3341404358353511 0.056451612903225805 0.08716707021791767
3 0.05725806451612903 0.22760290556900725 0.03387096774193549 0.03389830508474576
3 0.41935483870967744 0.7397094430992736 0.11612903225806452 0.13801452784503632
3 0.5185483870967742 0.2857142857142857 0.03387096774193549 0.0387409200968523
