3 0.634765625 0.8816901408450705 0.12109375 0.14647887323943662
3 0.142578125 0.8788732394366198 0.12890625 0.14647887323943662
3 0.748046875 0.7661971830985915 0.08984375 0.11267605633802817
3 0.6728515625 0.6690140845070423 0.064453125 0.07042253521126761
3 0.3779296875 0.852112676056338 0.095703125 0.17183098591549295
3 0.3330078125 0.643661971830986 0.056640625 0.0647887323943662
3 0.103515625 0.7647887323943662 0.09375 0.10422535211267606
3 0.5947265625 0.7169014084507043 0.080078125 0.10422535211267606
3 0.4033203125 0.7070422535211267 0.072265625 0.08450704225352113
3 0.8720703125 0.8352112676056338 0.115234375 0.17746478873239438
3 0.314453125 0.7633802816901408 0.0859375 0.09014084507042254
3 0.7421875 0.6507042253521127 0.05859375 0.056338028169014086
3 0.255859375 0.6323943661971831 0.0546875 0.0647887323943662
3 0.1875 0.671830985915493 0.0703125 0.10422535211267606
3 0.828125 0.7070422535211267 0.0859375 0.12394366197183099
3 0.96875 0.6394366197183099 0.05078125 0.056338028169014086
3 0.6240234375 0.5732394366197183 0.029296875 0.036619718309859155
3 0.5859375 0.5887323943661972 0.03515625 0.03380281690140845
3 0.5498046875 0.6295774647887324 0.052734375 0.04788732394366197
3 0.564453125 0.6676056338028169 0.0546875 0.0676056338028169
3 0.43359375 0.6394366197183099 0.046875 0.05070422535211268
3 0.3642578125 0.6239436619718309 0.025390625 0.059154929577464786
3 0.3779296875 0.6014084507042253 0.021484375 0.059154929577464786
3 0.3955078125 0.5873239436619718 0.021484375 0.04788732394366197
3 0.0537109375 0.5971830985915493 0.033203125 0.05070422535211268
3 0.01953125 0.6028169014084507 0.03515625 0.04507042253521127
3 0.0458984375 0.5859154929577465 0.048828125 0.056338028169014086
3 0.51953125 0.5676056338028169 0.03515625 0.04788732394366197
6 0.3095703125 0.5394366197183098 0.060546875 0.10422535211267606
