3 0.7598214285714285 0.6514705882352941 0.19464285714285715 0.20294117647058824
3 0.21785714285714286 0.5102941176470588 0.08928571428571429 0.09117647058823529
3 0.6285714285714286 0.6088235294117647 0.12142857142857143 0.17647058823529413
3 0.36339285714285713 0.6970588235294117 0.20892857142857144 0.23529411764705882
3 0.4035714285714286 0.5676470588235294 0.12142857142857143 0.09411764705882353
3 0.40714285714285714 0.4970588235294118 0.12857142857142856 0.07647058823529412
3 0.4089285714285714 0.43970588235294117 0.08571428571428572 0.05588235294117647
3 0.4089285714285714 0.38235294117647056 0.07857142857142857 0.058823529411764705
3 0.3080357142857143 0.3573529411764706 0.05892857142857143 0.061764705882352944
3 0.3205357142857143 0.2735294117647059 0.044642857142857144 0.052941176470588235
3 0.39553571428571427 0.23088235294117648 0.0375 0.05588235294117647
3 0.46339285714285716 0.21176470588235294 0.0375 0.047058823529411764
3 0.4544642857142857 0.14852941176470588 0.033928571428571426 0.03823529411764706
8 0.4017857142857143 0.15 0.04642857142857143 0.09411764705882353
