3 0.37616279069767444 0.9068825910931174 0.08255813953488372 0.11336032388663968
3 0.6063953488372092 0.8410931174089069 0.0686046511627907 0.0951417004048583
3 0.2534883720930233 0.8846153846153846 0.08604651162790698 0.1214574898785425
3 0.6808139534883721 0.8016194331983806 0.056976744186046514 0.08097165991902834
3 0.275 0.7935222672064778 0.06395348837209303 0.08502024291497975
3 0.7436046511627907 0.7864372469635628 0.06162790697674419 0.07489878542510121
3 0.14418604651162792 0.6993927125506073 0.05116279069767442 0.06275303643724696
3 0.20872093023255814 0.729757085020243 0.04534883720930233 0.09109311740890688
3 0.311046511627907 0.728744939271255 0.04534883720930233 0.05263157894736842
3 0.2255813953488372 0.652834008097166 0.03953488372093023 0.05060728744939271
3 0.5796511627906977 0.77834008097166 0.05465116279069768 0.07489878542510121
3 0.6895348837209302 0.6912955465587044 0.046511627906976744 0.058704453441295545
3 0.9784883720930233 0.9311740890688259 0.040697674418604654 0.10931174089068826
3 0.09011627906976744 0.72165991902834 0.04534883720930233 0.0708502024291498
3 0.3 0.5637651821862348 0.020930232558139535 0.038461538461538464
3 0.39127906976744187 0.6082995951417004 0.031395348837209305 0.04251012145748988
3 0.32848837209302323 0.6821862348178138 0.03372093023255814 0.048582995951417005
3 0.3959302325581395 0.7105263157894737 0.04302325581395349 0.05668016194331984
3 0.39651162790697675 0.6781376518218624 0.03953488372093023 0.032388663967611336
3 0.49883720930232556 0.6356275303643725 0.03255813953488372 0.04048582995951417
3 0.49593023255813956 0.6022267206477733 0.02441860465116279 0.0465587044534413
3 0.5616279069767441 0.6295546558704453 0.030232558139534883 0.048582995951417005
3 0.6017441860465116 0.618421052631579 0.031395348837209305 0.0465587044534413
3 0.8465116279069768 0.8451417004048583 0.07441860465116279 0.12753036437246965
3 0.5447674418604651 0.5809716599190283 0.02441860465116279 0.03643724696356275
3 0.5232558139534884 0.6002024291497976 0.020930232558139535 0.03441295546558704
3 0.5226744186046511 0.4625506072874494 0.022093023255813953 0.03441295546558704
3 0.4738372093023256 0.5334008097165992 0.022093023255813953 0.04251012145748988
3 0.3453488372093023 0.5303643724696356 0.027906976744186046 0.032388663967611336
8 0.3412790697674419 0.6123481781376519 0.040697674418604654 0.06680161943319839
8 0.2738372093023256 0.5921052631578947 0.03604651162790698 0.06275303643724696
