3 0.5336820083682008 0.8424124513618677 0.0598326359832636 0.07003891050583658
3 0.24686192468619247 0.8213359273670557 0.05355648535564853 0.05771725032425422
3 0.3677824267782427 0.8245784695201037 0.06527196652719665 0.09014267185473411
3 0.12698744769874476 0.817769130998703 0.08577405857740586 0.057068741893644616
3 0.4476987447698745 0.8401426718547341 0.12384937238493723 0.15888456549935148
3 0.5811715481171548 0.8271725032425421 0.0401673640167364 0.033073929961089495
3 0.032426778242677826 0.8077172503242542 0.06401673640167364 0.06939040207522698
3 0.653347280334728 0.8310635538261998 0.03305439330543933 0.04215304798962387
3 0.6223849372384938 0.8245784695201037 0.024686192468619247 0.0304798962386511
3 0.6035564853556485 0.8297665369649806 0.01882845188284519 0.03437094682230869
8 0.7280334728033473 0.8109597924773022 0.02594142259414226 0.04474708171206226
