6 0.174375 0.5375234521575984 0.24625 0.34709193245778613
3 0.165625 0.6472795497185742 0.17125 0.18386491557223264
3 0.38625 0.6425891181988743 0.1725 0.20075046904315197
2 0.71875 0.6604127579737336 0.13 0.1651031894934334
3 0.581875 0.6369606003752345 0.12875 0.15947467166979362
6 0.37375 0.5178236397748592 0.095 0.1050656660412758
6 0.455 0.5572232645403377 0.0725 0.1200750469043152
1 0.380625 0.6407129455909943 0.04625 0.22326454033771106
1 0.7475 0.6022514071294559 0.075 0.2589118198874296
1 0.87125 0.5787992495309568 0.0675 0.14071294559099437
