3 0.5045045045045045 0.6151282051282051 0.06306306306306306 0.06
3 0.16766766766766766 0.6335897435897436 0.1061061061061061 0.07128205128205128
3 0.36936936936936937 0.6241025641025642 0.08008008008008008 0.08
3 0.6241241241241241 0.6256410256410256 0.05205205205205205 0.0882051282051282
3 0.7294794794794794 0.5969230769230769 0.18768768768768768 0.1671794871794872
3 0.4184184184184184 0.5984615384615385 0.03303303303303303 0.04
3 0.43543543543543545 0.5602564102564103 0.028028028028028028 0.026153846153846153
3 0.5830830830830831 0.6069230769230769 0.04904904904904905 0.05076923076923077
3 0.5535535535535535 0.6017948717948718 0.016016016016016016 0.04153846153846154
3 0.5380380380380381 0.5543589743589744 0.023023023023023025 0.02358974358974359
