3 0.5800524934383202 0.9126940133037694 0.06074240719910011 0.07150776053215077
6 0.608548931383577 0.8555986696230599 0.09073865766779153 0.1491130820399113
3 0.024934383202099737 0.9279379157427938 0.04911886014248219 0.07760532150776053
3 0.051556055493063364 0.9093680709534369 0.06786651668541432 0.08481152993348115
3 0.5236220472440944 0.9393015521064302 0.07761529808773904 0.06818181818181818
3 0.421822272215973 0.9617516629711752 0.11548556430446194 0.07538802660753881
3 0.2900262467191601 0.9340354767184036 0.07611548556430446 0.07982261640798226
3 0.4671916010498688 0.9049334811529933 0.05399325084364454 0.08148558758314856
3 0.952193475815523 0.8880266075388027 0.030371203599550055 0.028824833702882482
3 0.7373453318335208 0.8608647450110865 0.031121109861267343 0.036585365853658534
3 0.7540307461567304 0.8492239467849224 0.03224596925384327 0.04212860310421286
3 0.5506186726659168 0.832039911308204 0.025121859767529058 0.037694013303769404
6 0.6683539557555306 0.8040465631929047 0.05061867266591676 0.07150776053215077
