3 0.7564516129032258 0.8560606060606061 0.2903225806451613 0.2818181818181818
3 0.9120967741935484 0.8469696969696969 0.17258064516129032 0.22727272727272727
3 0.3233870967741935 0.7636363636363637 0.06612903225806452 0.09696969696969697
3 0.45161290322580644 0.7863636363636364 0.08709677419354839 0.1303030303030303
3 0.6008064516129032 0.7742424242424243 0.056451612903225805 0.07575757575757576
3 0.5153225806451613 0.7742424242424243 0.043548387096774194 0.06363636363636363
3 0.36532258064516127 0.7378787878787879 0.03064516129032258 0.05757575757575758
3 0.40403225806451615 0.7696969696969697 0.017741935483870968 0.07878787878787878
3 0.14838709677419354 0.753030303030303 0.08064516129032258 0.06363636363636363
3 0.06854838709677419 0.7484848484848485 0.056451612903225805 0.06060606060606061
3 0.018548387096774192 0.753030303030303 0.03387096774193549 0.07575757575757576
